   0     5    0    3    0 
   0     5    3    6    0 
   0     5    6    9    0 
   0     5    9    12    0 
   0     5    12    15    0 
   0     5    15    18    0 
   0     5    18    21    0 
   0     5    21    24    0 
   0     5    24    27    0 
   0     5    27    30    0 
   0     5    30    33    0 
   0     5    33    36    0 
   0     5    36    39    0 
   0     5    39    42    0 
   0     5    42    45    0 
   0     5    45    48    0 
   0     5    48    51    0 
   0     5    51    54    0 
   0     5    54    57    0 
   0     5    57    60    0 
   0     5    60    63    0 
   0     5    63    66    0 
   0     5    66    69    0 
   0     5    69    72    0 
   0     5    72    75    0 
   0     5    75    78    0 
   0     5    78    81    0 
   0     5    81    84    0 
   0     5    84    87    0 
   0     5    87    90    0 
   5     10    0    3    0 
   5     10    3    6    0 
   5     10    6    9    0 
   5     10    9    12    0 
   5     10    12    15    0 
   5     10    15    18    0 
   5     10    18    21    0 
   5     10    21    24    0 
   5     10    24    27    0 
   5     10    27    30    0 
   5     10    30    33    0 
   5     10    33    36    0 
   5     10    36    39    0 
   5     10    39    42    0 
   5     10    42    45    0 
   5     10    45    48    0 
   5     10    48    51    0 
   5     10    51    54    0 
   5     10    54    57    0 
   5     10    57    60    0 
   5     10    60    63    0 
   5     10    63    66    0 
   5     10    66    69    0 
   5     10    69    72    0 
   5     10    72    75    0 
   5     10    75    78    0 
   5     10    78    81    0 
   5     10    81    84    0 
   5     10    84    87    0 
   5     10    87    90    0 
   10     15    0    3    0 
   10     15    3    6    0 
   10     15    6    9    0 
   10     15    9    12    0 
   10     15    12    15    0 
   10     15    15    18    0 
   10     15    18    21    0 
   10     15    21    24    0 
   10     15    24    27    0 
   10     15    27    30    0 
   10     15    30    33    0 
   10     15    33    36    0 
   10     15    36    39    0 
   10     15    39    42    0 
   10     15    42    45    0 
   10     15    45    48    0 
   10     15    48    51    0 
   10     15    51    54    0 
   10     15    54    57    0 
   10     15    57    60    0 
   10     15    60    63    0 
   10     15    63    66    0 
   10     15    66    69    0 
   10     15    69    72    0 
   10     15    72    75    0 
   10     15    75    78    0 
   10     15    78    81    0 
   10     15    81    84    0 
   10     15    84    87    0 
   10     15    87    90    0 
   15     20    0    3    0 
   15     20    3    6    0 
   15     20    6    9    0 
   15     20    9    12    0 
   15     20    12    15    0 
   15     20    15    18    0 
   15     20    18    21    0 
   15     20    21    24    0 
   15     20    24    27    0 
   15     20    27    30    0 
   15     20    30    33    0 
   15     20    33    36    0 
   15     20    36    39    0 
   15     20    39    42    0 
   15     20    42    45    0 
   15     20    45    48    0 
   15     20    48    51    0 
   15     20    51    54    0 
   15     20    54    57    0 
   15     20    57    60    0 
   15     20    60    63    0 
   15     20    63    66    0 
   15     20    66    69    0 
   15     20    69    72    0 
   15     20    72    75    0 
   15     20    75    78    0 
   15     20    78    81    0 
   15     20    81    84    0 
   15     20    84    87    0 
   15     20    87    90    0 
   20     25    0    3    0 
   20     25    3    6    0 
   20     25    6    9    0 
   20     25    9    12    0 
   20     25    12    15    0 
   20     25    15    18    0 
   20     25    18    21    0 
   20     25    21    24    0 
   20     25    24    27    0 
   20     25    27    30    0 
   20     25    30    33    0 
   20     25    33    36    0 
   20     25    36    39    0 
   20     25    39    42    0 
   20     25    42    45    0 
   20     25    45    48    0 
   20     25    48    51    0 
   20     25    51    54    0 
   20     25    54    57    0 
   20     25    57    60    0 
   20     25    60    63    0 
   20     25    63    66    0 
   20     25    66    69    0 
   20     25    69    72    0 
   20     25    72    75    0 
   20     25    75    78    0 
   20     25    78    81    0 
   20     25    81    84    0 
   20     25    84    87    0 
   20     25    87    90    0 
   25     30    0    3    0 
   25     30    3    6    0 
   25     30    6    9    0 
   25     30    9    12    0 
   25     30    12    15    0 
   25     30    15    18    0 
   25     30    18    21    0 
   25     30    21    24    0 
   25     30    24    27    0 
   25     30    27    30    0 
   25     30    30    33    0 
   25     30    33    36    0 
   25     30    36    39    0 
   25     30    39    42    0 
   25     30    42    45    0 
   25     30    45    48    0 
   25     30    48    51    0 
   25     30    51    54    0 
   25     30    54    57    0 
   25     30    57    60    0 
   25     30    60    63    0 
   25     30    63    66    0 
   25     30    66    69    0 
   25     30    69    72    0 
   25     30    72    75    0 
   25     30    75    78    0 
   25     30    78    81    0 
   25     30    81    84    0 
   25     30    84    87    0 
   25     30    87    90    0 
   30     35    0    3    0 
   30     35    3    6    0 
   30     35    6    9    0 
   30     35    9    12    0 
   30     35    12    15    0 
   30     35    15    18    0 
   30     35    18    21    0 
   30     35    21    24    0 
   30     35    24    27    0 
   30     35    27    30    0 
   30     35    30    33    0 
   30     35    33    36    0 
   30     35    36    39    0 
   30     35    39    42    0 
   30     35    42    45    0 
   30     35    45    48    0 
   30     35    48    51    0 
   30     35    51    54    0 
   30     35    54    57    0 
   30     35    57    60    0 
   30     35    60    63    0 
   30     35    63    66    0 
   30     35    66    69    0 
   30     35    69    72    0 
   30     35    72    75    0 
   30     35    75    78    0 
   30     35    78    81    0 
   30     35    81    84    0 
   30     35    84    87    0 
   30     35    87    90    0 
   35     40    0    3    0 
   35     40    3    6    0 
   35     40    6    9    0 
   35     40    9    12    0 
   35     40    12    15    0 
   35     40    15    18    0 
   35     40    18    21    0 
   35     40    21    24    0 
   35     40    24    27    0 
   35     40    27    30    0 
   35     40    30    33    0 
   35     40    33    36    0 
   35     40    36    39    0 
   35     40    39    42    0 
   35     40    42    45    0 
   35     40    45    48    0 
   35     40    48    51    0 
   35     40    51    54    0 
   35     40    54    57    0 
   35     40    57    60    0 
   35     40    60    63    0 
   35     40    63    66    0 
   35     40    66    69    0 
   35     40    69    72    0 
   35     40    72    75    0 
   35     40    75    78    0 
   35     40    78    81    0 
   35     40    81    84    0 
   35     40    84    87    0 
   35     40    87    90    0 
   40     45    0    3    0 
   40     45    3    6    0 
   40     45    6    9    0 
   40     45    9    12    0 
   40     45    12    15    0 
   40     45    15    18    0 
   40     45    18    21    0 
   40     45    21    24    0 
   40     45    24    27    0 
   40     45    27    30    0 
   40     45    30    33    0 
   40     45    33    36    0 
   40     45    36    39    0 
   40     45    39    42    0 
   40     45    42    45    0 
   40     45    45    48    0 
   40     45    48    51    0 
   40     45    51    54    0 
   40     45    54    57    0 
   40     45    57    60    0 
   40     45    60    63    0 
   40     45    63    66    0 
   40     45    66    69    0 
   40     45    69    72    0 
   40     45    72    75    0 
   40     45    75    78    0 
   40     45    78    81    0 
   40     45    81    84    0 
   40     45    84    87    0 
   40     45    87    90    0 
   45     50    0    3    0 
   45     50    3    6    0 
   45     50    6    9    0 
   45     50    9    12    0 
   45     50    12    15    0 
   45     50    15    18    0 
   45     50    18    21    0 
   45     50    21    24    0 
   45     50    24    27    0 
   45     50    27    30    0 
   45     50    30    33    0 
   45     50    33    36    0 
   45     50    36    39    0 
   45     50    39    42    0 
   45     50    42    45    0 
   45     50    45    48    0 
   45     50    48    51    0 
   45     50    51    54    0 
   45     50    54    57    0 
   45     50    57    60    0 
   45     50    60    63    0 
   45     50    63    66    0 
   45     50    66    69    0 
   45     50    69    72    0 
   45     50    72    75    0 
   45     50    75    78    0 
   45     50    78    81    0 
   45     50    81    84    0 
   45     50    84    87    0 
   45     50    87    90    0 
   50     55    0    3    0 
   50     55    3    6    0 
   50     55    6    9    0 
   50     55    9    12    0 
   50     55    12    15    0 
   50     55    15    18    0 
   50     55    18    21    0 
   50     55    21    24    0 
   50     55    24    27    0 
   50     55    27    30    0 
   50     55    30    33    0 
   50     55    33    36    0 
   50     55    36    39    0 
   50     55    39    42    0 
   50     55    42    45    0 
   50     55    45    48    0 
   50     55    48    51    0 
   50     55    51    54    0 
   50     55    54    57    0 
   50     55    57    60    0 
   50     55    60    63    0 
   50     55    63    66    0 
   50     55    66    69    0 
   50     55    69    72    0 
   50     55    72    75    0 
   50     55    75    78    0 
   50     55    78    81    0 
   50     55    81    84    0 
   50     55    84    87    0 
   50     55    87    90    0 
   55     60    0    3    0 
   55     60    3    6    0 
   55     60    6    9    0 
   55     60    9    12    0 
   55     60    12    15    0 
   55     60    15    18    0 
   55     60    18    21    0 
   55     60    21    24    0 
   55     60    24    27    0 
   55     60    27    30    0 
   55     60    30    33    0 
   55     60    33    36    0 
   55     60    36    39    0 
   55     60    39    42    0 
   55     60    42    45    0 
   55     60    45    48    0 
   55     60    48    51    0 
   55     60    51    54    0 
   55     60    54    57    0 
   55     60    57    60    0 
   55     60    60    63    0 
   55     60    63    66    0 
   55     60    66    69    0 
   55     60    69    72    0 
   55     60    72    75    0 
   55     60    75    78    0 
   55     60    78    81    0 
   55     60    81    84    0 
   55     60    84    87    1 
   55     60    87    90    0 
   60     65    0    3    0 
   60     65    3    6    0 
   60     65    6    9    0 
   60     65    9    12    0 
   60     65    12    15    0 
   60     65    15    18    0 
   60     65    18    21    0 
   60     65    21    24    0 
   60     65    24    27    0 
   60     65    27    30    0 
   60     65    30    33    0 
   60     65    33    36    0 
   60     65    36    39    0 
   60     65    39    42    0 
   60     65    42    45    0 
   60     65    45    48    0 
   60     65    48    51    0 
   60     65    51    54    0 
   60     65    54    57    0 
   60     65    57    60    0 
   60     65    60    63    0 
   60     65    63    66    0 
   60     65    66    69    0 
   60     65    69    72    0 
   60     65    72    75    1 
   60     65    75    78    1 
   60     65    78    81    4 
   60     65    81    84    10 
   60     65    84    87    12 
   60     65    87    90    14 
   65     70    0    3    0 
   65     70    3    6    0 
   65     70    6    9    0 
   65     70    9    12    0 
   65     70    12    15    0 
   65     70    15    18    0 
   65     70    18    21    0 
   65     70    21    24    0 
   65     70    24    27    0 
   65     70    27    30    0 
   65     70    30    33    0 
   65     70    33    36    0 
   65     70    36    39    0 
   65     70    39    42    0 
   65     70    42    45    0 
   65     70    45    48    0 
   65     70    48    51    0 
   65     70    51    54    0 
   65     70    54    57    0 
   65     70    57    60    0 
   65     70    60    63    0 
   65     70    63    66    0 
   65     70    66    69    1 
   65     70    69    72    6 
   65     70    72    75    29 
   65     70    75    78    99 
   65     70    78    81    180 
   65     70    81    84    231 
   65     70    84    87    240 
   65     70    87    90    180 
   70     75    0    3    0 
   70     75    3    6    0 
   70     75    6    9    0 
   70     75    9    12    0 
   70     75    12    15    0 
   70     75    15    18    0 
   70     75    18    21    0 
   70     75    21    24    0 
   70     75    24    27    0 
   70     75    27    30    0 
   70     75    30    33    0 
   70     75    33    36    0 
   70     75    36    39    0 
   70     75    39    42    0 
   70     75    42    45    0 
   70     75    45    48    0 
   70     75    48    51    0 
   70     75    51    54    0 
   70     75    54    57    0 
   70     75    57    60    0 
   70     75    60    63    0 
   70     75    63    66    1 
   70     75    66    69    38 
   70     75    69    72    220 
   70     75    72    75    416 
   70     75    75    78    530 
   70     75    78    81    507 
   70     75    81    84    471 
   70     75    84    87    416 
   70     75    87    90    331 
   75     80    0    3    0 
   75     80    3    6    0 
   75     80    6    9    0 
   75     80    9    12    0 
   75     80    12    15    0 
   75     80    15    18    0 
   75     80    18    21    0 
   75     80    21    24    0 
   75     80    24    27    0 
   75     80    27    30    0 
   75     80    30    33    0 
   75     80    33    36    0 
   75     80    36    39    0 
   75     80    39    42    0 
   75     80    42    45    0 
   75     80    45    48    0 
   75     80    48    51    0 
   75     80    51    54    0 
   75     80    54    57    0 
   75     80    57    60    0 
   75     80    60    63    2 
   75     80    63    66    52 
   75     80    66    69    475 
   75     80    69    72    928 
   75     80    72    75    898 
   75     80    75    78    780 
   75     80    78    81    681 
   75     80    81    84    612 
   75     80    84    87    565 
   75     80    87    90    558 
   80     85    0    3    0 
   80     85    3    6    0 
   80     85    6    9    0 
   80     85    9    12    0 
   80     85    12    15    0 
   80     85    15    18    0 
   80     85    18    21    0 
   80     85    21    24    0 
   80     85    24    27    0 
   80     85    27    30    0 
   80     85    30    33    0 
   80     85    33    36    0 
   80     85    36    39    0 
   80     85    39    42    0 
   80     85    42    45    0 
   80     85    45    48    0 
   80     85    48    51    0 
   80     85    51    54    0 
   80     85    54    57    1 
   80     85    57    60    2 
   80     85    60    63    35 
   80     85    63    66    342 
   80     85    66    69    1218 
   80     85    69    72    1165 
   80     85    72    75    1045 
   80     85    75    78    979 
   80     85    78    81    831 
   80     85    81    84    784 
   80     85    84    87    764 
   80     85    87    90    793 
   85     90    0    3    0 
   85     90    3    6    0 
   85     90    6    9    0 
   85     90    9    12    0 
   85     90    12    15    0 
   85     90    15    18    0 
   85     90    18    21    0 
   85     90    21    24    0 
   85     90    24    27    0 
   85     90    27    30    0 
   85     90    30    33    0 
   85     90    33    36    0 
   85     90    36    39    0 
   85     90    39    42    0 
   85     90    42    45    0 
   85     90    45    48    0 
   85     90    48    51    0 
   85     90    51    54    0 
   85     90    54    57    1 
   85     90    57    60    7 
   85     90    60    63    119 
   85     90    63    66    893 
   85     90    66    69    1294 
   85     90    69    72    1172 
   85     90    72    75    1081 
   85     90    75    78    1003 
   85     90    78    81    931 
   85     90    81    84    912 
   85     90    84    87    947 
   85     90    87    90    1083 
   90     95    0    3    0 
   90     95    3    6    0 
   90     95    6    9    0 
   90     95    9    12    0 
   90     95    12    15    0 
   90     95    15    18    0 
   90     95    18    21    0 
   90     95    21    24    0 
   90     95    24    27    0 
   90     95    27    30    0 
   90     95    30    33    0 
   90     95    33    36    0 
   90     95    36    39    0 
   90     95    39    42    0 
   90     95    42    45    0 
   90     95    45    48    0 
   90     95    48    51    0 
   90     95    51    54    0 
   90     95    54    57    0 
   90     95    57    60    14 
   90     95    60    63    225 
   90     95    63    66    1175 
   90     95    66    69    1369 
   90     95    69    72    1213 
   90     95    72    75    1174 
   90     95    75    78    1091 
   90     95    78    81    1016 
   90     95    81    84    1027 
   90     95    84    87    1077 
   90     95    87    90    1017 
   95     100    0    3    0 
   95     100    3    6    0 
   95     100    6    9    0 
   95     100    9    12    0 
   95     100    12    15    0 
   95     100    15    18    0 
   95     100    18    21    0 
   95     100    21    24    0 
   95     100    24    27    0 
   95     100    27    30    0 
   95     100    30    33    0 
   95     100    33    36    0 
   95     100    36    39    0 
   95     100    39    42    0 
   95     100    42    45    0 
   95     100    45    48    0 
   95     100    48    51    0 
   95     100    51    54    0 
   95     100    54    57    0 
   95     100    57    60    12 
   95     100    60    63    197 
   95     100    63    66    1144 
   95     100    66    69    1431 
   95     100    69    72    1256 
   95     100    72    75    1212 
   95     100    75    78    1116 
   95     100    78    81    1060 
   95     100    81    84    1009 
   95     100    84    87    983 
   95     100    87    90    898 
   100     105    0    3    0 
   100     105    3    6    0 
   100     105    6    9    0 
   100     105    9    12    0 
   100     105    12    15    0 
   100     105    15    18    0 
   100     105    18    21    0 
   100     105    21    24    0 
   100     105    24    27    0 
   100     105    27    30    0 
   100     105    30    33    0 
   100     105    33    36    0 
   100     105    36    39    0 
   100     105    39    42    0 
   100     105    42    45    0 
   100     105    45    48    0 
   100     105    48    51    0 
   100     105    51    54    0 
   100     105    54    57    0 
   100     105    57    60    6 
   100     105    60    63    89 
   100     105    63    66    837 
   100     105    66    69    1251 
   100     105    69    72    1170 
   100     105    72    75    1099 
   100     105    75    78    1030 
   100     105    78    81    964 
   100     105    81    84    934 
   100     105    84    87    877 
   100     105    87    90    796 
   105     110    0    3    0 
   105     110    3    6    0 
   105     110    6    9    0 
   105     110    9    12    0 
   105     110    12    15    0 
   105     110    15    18    0 
   105     110    18    21    0 
   105     110    21    24    0 
   105     110    24    27    0 
   105     110    27    30    0 
   105     110    30    33    0 
   105     110    33    36    0 
   105     110    36    39    0 
   105     110    39    42    0 
   105     110    42    45    0 
   105     110    45    48    0 
   105     110    48    51    0 
   105     110    51    54    0 
   105     110    54    57    0 
   105     110    57    60    3 
   105     110    60    63    26 
   105     110    63    66    304 
   105     110    66    69    1061 
   105     110    69    72    1207 
   105     110    72    75    1013 
   105     110    75    78    907 
   105     110    78    81    816 
   105     110    81    84    753 
   105     110    84    87    656 
   105     110    87    90    690 
   110     115    0    3    0 
   110     115    3    6    0 
   110     115    6    9    0 
   110     115    9    12    0 
   110     115    12    15    0 
   110     115    15    18    0 
   110     115    18    21    0 
   110     115    21    24    0 
   110     115    24    27    0 
   110     115    27    30    0 
   110     115    30    33    0 
   110     115    33    36    0 
   110     115    36    39    0 
   110     115    39    42    0 
   110     115    42    45    0 
   110     115    45    48    0 
   110     115    48    51    0 
   110     115    51    54    0 
   110     115    54    57    0 
   110     115    57    60    0 
   110     115    60    63    4 
   110     115    63    66    33 
   110     115    66    69    329 
   110     115    69    72    847 
   110     115    72    75    951 
   110     115    75    78    806 
   110     115    78    81    684 
   110     115    81    84    678 
   110     115    84    87    538 
   110     115    87    90    461 
   115     120    0    3    0 
   115     120    3    6    0 
   115     120    6    9    0 
   115     120    9    12    0 
   115     120    12    15    0 
   115     120    15    18    0 
   115     120    18    21    0 
   115     120    21    24    0 
   115     120    24    27    0 
   115     120    27    30    0 
   115     120    30    33    0 
   115     120    33    36    0 
   115     120    36    39    0 
   115     120    39    42    0 
   115     120    42    45    0 
   115     120    45    48    0 
   115     120    48    51    0 
   115     120    51    54    0 
   115     120    54    57    0 
   115     120    57    60    0 
   115     120    60    63    0 
   115     120    63    66    1 
   115     120    66    69    18 
   115     120    69    72    153 
   115     120    72    75    452 
   115     120    75    78    588 
   115     120    78    81    564 
   115     120    81    84    517 
   115     120    84    87    425 
   115     120    87    90    320 
   120     125    0    3    0 
   120     125    3    6    0 
   120     125    6    9    0 
   120     125    9    12    0 
   120     125    12    15    0 
   120     125    15    18    0 
   120     125    18    21    0 
   120     125    21    24    0 
   120     125    24    27    0 
   120     125    27    30    0 
   120     125    30    33    0 
   120     125    33    36    0 
   120     125    36    39    0 
   120     125    39    42    0 
   120     125    42    45    0 
   120     125    45    48    0 
   120     125    48    51    0 
   120     125    51    54    0 
   120     125    54    57    0 
   120     125    57    60    0 
   120     125    60    63    0 
   120     125    63    66    0 
   120     125    66    69    2 
   120     125    69    72    3 
   120     125    72    75    17 
   120     125    75    78    88 
   120     125    78    81    142 
   120     125    81    84    211 
   120     125    84    87    190 
   120     125    87    90    181 
   125     130    0    3    0 
   125     130    3    6    0 
   125     130    6    9    0 
   125     130    9    12    0 
   125     130    12    15    0 
   125     130    15    18    0 
   125     130    18    21    0 
   125     130    21    24    0 
   125     130    24    27    0 
   125     130    27    30    0 
   125     130    30    33    0 
   125     130    33    36    0 
   125     130    36    39    0 
   125     130    39    42    0 
   125     130    42    45    0 
   125     130    45    48    0 
   125     130    48    51    0 
   125     130    51    54    0 
   125     130    54    57    0 
   125     130    57    60    0 
   125     130    60    63    0 
   125     130    63    66    0 
   125     130    66    69    0 
   125     130    69    72    0 
   125     130    72    75    0 
   125     130    75    78    1 
   125     130    78    81    3 
   125     130    81    84    8 
   125     130    84    87    9 
   125     130    87    90    8 
   130     135    0    3    0 
   130     135    3    6    0 
   130     135    6    9    0 
   130     135    9    12    0 
   130     135    12    15    0 
   130     135    15    18    0 
   130     135    18    21    0 
   130     135    21    24    0 
   130     135    24    27    0 
   130     135    27    30    0 
   130     135    30    33    0 
   130     135    33    36    0 
   130     135    36    39    0 
   130     135    39    42    0 
   130     135    42    45    0 
   130     135    45    48    0 
   130     135    48    51    0 
   130     135    51    54    0 
   130     135    54    57    0 
   130     135    57    60    0 
   130     135    60    63    0 
   130     135    63    66    0 
   130     135    66    69    0 
   130     135    69    72    0 
   130     135    72    75    0 
   130     135    75    78    0 
   130     135    78    81    0 
   130     135    81    84    1 
   130     135    84    87    0 
   130     135    87    90    0 
   135     140    0    3    0 
   135     140    3    6    0 
   135     140    6    9    0 
   135     140    9    12    0 
   135     140    12    15    0 
   135     140    15    18    0 
   135     140    18    21    0 
   135     140    21    24    0 
   135     140    24    27    0 
   135     140    27    30    0 
   135     140    30    33    0 
   135     140    33    36    0 
   135     140    36    39    0 
   135     140    39    42    0 
   135     140    42    45    0 
   135     140    45    48    0 
   135     140    48    51    0 
   135     140    51    54    0 
   135     140    54    57    0 
   135     140    57    60    0 
   135     140    60    63    0 
   135     140    63    66    0 
   135     140    66    69    0 
   135     140    69    72    0 
   135     140    72    75    0 
   135     140    75    78    0 
   135     140    78    81    0 
   135     140    81    84    0 
   135     140    84    87    0 
   135     140    87    90    0 
   140     145    0    3    0 
   140     145    3    6    0 
   140     145    6    9    0 
   140     145    9    12    0 
   140     145    12    15    0 
   140     145    15    18    0 
   140     145    18    21    0 
   140     145    21    24    0 
   140     145    24    27    0 
   140     145    27    30    0 
   140     145    30    33    0 
   140     145    33    36    0 
   140     145    36    39    0 
   140     145    39    42    0 
   140     145    42    45    0 
   140     145    45    48    0 
   140     145    48    51    0 
   140     145    51    54    0 
   140     145    54    57    0 
   140     145    57    60    0 
   140     145    60    63    0 
   140     145    63    66    0 
   140     145    66    69    0 
   140     145    69    72    0 
   140     145    72    75    0 
   140     145    75    78    0 
   140     145    78    81    0 
   140     145    81    84    0 
   140     145    84    87    0 
   140     145    87    90    0 
   145     150    0    3    0 
   145     150    3    6    0 
   145     150    6    9    0 
   145     150    9    12    0 
   145     150    12    15    0 
   145     150    15    18    0 
   145     150    18    21    0 
   145     150    21    24    0 
   145     150    24    27    0 
   145     150    27    30    0 
   145     150    30    33    0 
   145     150    33    36    0 
   145     150    36    39    0 
   145     150    39    42    0 
   145     150    42    45    0 
   145     150    45    48    0 
   145     150    48    51    0 
   145     150    51    54    0 
   145     150    54    57    0 
   145     150    57    60    0 
   145     150    60    63    0 
   145     150    63    66    0 
   145     150    66    69    0 
   145     150    69    72    0 
   145     150    72    75    0 
   145     150    75    78    0 
   145     150    78    81    0 
   145     150    81    84    0 
   145     150    84    87    0 
   145     150    87    90    0 
   150     155    0    3    0 
   150     155    3    6    0 
   150     155    6    9    0 
   150     155    9    12    0 
   150     155    12    15    0 
   150     155    15    18    0 
   150     155    18    21    0 
   150     155    21    24    0 
   150     155    24    27    0 
   150     155    27    30    0 
   150     155    30    33    0 
   150     155    33    36    0 
   150     155    36    39    0 
   150     155    39    42    0 
   150     155    42    45    0 
   150     155    45    48    0 
   150     155    48    51    0 
   150     155    51    54    0 
   150     155    54    57    0 
   150     155    57    60    0 
   150     155    60    63    0 
   150     155    63    66    0 
   150     155    66    69    0 
   150     155    69    72    0 
   150     155    72    75    0 
   150     155    75    78    0 
   150     155    78    81    0 
   150     155    81    84    0 
   150     155    84    87    0 
   150     155    87    90    0 
   155     160    0    3    0 
   155     160    3    6    0 
   155     160    6    9    0 
   155     160    9    12    0 
   155     160    12    15    0 
   155     160    15    18    0 
   155     160    18    21    0 
   155     160    21    24    0 
   155     160    24    27    0 
   155     160    27    30    0 
   155     160    30    33    0 
   155     160    33    36    0 
   155     160    36    39    0 
   155     160    39    42    0 
   155     160    42    45    0 
   155     160    45    48    0 
   155     160    48    51    0 
   155     160    51    54    0 
   155     160    54    57    0 
   155     160    57    60    0 
   155     160    60    63    0 
   155     160    63    66    0 
   155     160    66    69    0 
   155     160    69    72    0 
   155     160    72    75    0 
   155     160    75    78    0 
   155     160    78    81    0 
   155     160    81    84    0 
   155     160    84    87    0 
   155     160    87    90    0 
   160     165    0    3    0 
   160     165    3    6    0 
   160     165    6    9    0 
   160     165    9    12    0 
   160     165    12    15    0 
   160     165    15    18    0 
   160     165    18    21    0 
   160     165    21    24    0 
   160     165    24    27    0 
   160     165    27    30    0 
   160     165    30    33    0 
   160     165    33    36    0 
   160     165    36    39    0 
   160     165    39    42    0 
   160     165    42    45    0 
   160     165    45    48    0 
   160     165    48    51    0 
   160     165    51    54    0 
   160     165    54    57    0 
   160     165    57    60    0 
   160     165    60    63    0 
   160     165    63    66    0 
   160     165    66    69    0 
   160     165    69    72    0 
   160     165    72    75    0 
   160     165    75    78    0 
   160     165    78    81    0 
   160     165    81    84    0 
   160     165    84    87    0 
   160     165    87    90    0 
   165     170    0    3    0 
   165     170    3    6    0 
   165     170    6    9    0 
   165     170    9    12    0 
   165     170    12    15    0 
   165     170    15    18    0 
   165     170    18    21    0 
   165     170    21    24    0 
   165     170    24    27    0 
   165     170    27    30    0 
   165     170    30    33    0 
   165     170    33    36    0 
   165     170    36    39    0 
   165     170    39    42    0 
   165     170    42    45    0 
   165     170    45    48    0 
   165     170    48    51    0 
   165     170    51    54    0 
   165     170    54    57    0 
   165     170    57    60    0 
   165     170    60    63    0 
   165     170    63    66    0 
   165     170    66    69    0 
   165     170    69    72    0 
   165     170    72    75    0 
   165     170    75    78    0 
   165     170    78    81    0 
   165     170    81    84    0 
   165     170    84    87    0 
   165     170    87    90    0 
   170     175    0    3    0 
   170     175    3    6    0 
   170     175    6    9    0 
   170     175    9    12    0 
   170     175    12    15    0 
   170     175    15    18    0 
   170     175    18    21    0 
   170     175    21    24    0 
   170     175    24    27    0 
   170     175    27    30    0 
   170     175    30    33    0 
   170     175    33    36    0 
   170     175    36    39    0 
   170     175    39    42    0 
   170     175    42    45    0 
   170     175    45    48    0 
   170     175    48    51    0 
   170     175    51    54    0 
   170     175    54    57    0 
   170     175    57    60    0 
   170     175    60    63    0 
   170     175    63    66    0 
   170     175    66    69    0 
   170     175    69    72    0 
   170     175    72    75    0 
   170     175    75    78    0 
   170     175    78    81    0 
   170     175    81    84    0 
   170     175    84    87    0 
   170     175    87    90    0 
   175     180    0    3    0 
   175     180    3    6    0 
   175     180    6    9    0 
   175     180    9    12    0 
   175     180    12    15    0 
   175     180    15    18    0 
   175     180    18    21    0 
   175     180    21    24    0 
   175     180    24    27    0 
   175     180    27    30    0 
   175     180    30    33    0 
   175     180    33    36    0 
   175     180    36    39    0 
   175     180    39    42    0 
   175     180    42    45    0 
   175     180    45    48    0 
   175     180    48    51    0 
   175     180    51    54    0 
   175     180    54    57    0 
   175     180    57    60    0 
   175     180    60    63    0 
   175     180    63    66    0 
   175     180    66    69    0 
   175     180    69    72    0 
   175     180    72    75    0 
   175     180    75    78    0 
   175     180    78    81    0 
   175     180    81    84    0 
   175     180    84    87    0 
   175     180    87    90    0 
   180     185    0    3    0 
   180     185    3    6    0 
   180     185    6    9    0 
   180     185    9    12    0 
   180     185    12    15    0 
   180     185    15    18    0 
   180     185    18    21    0 
   180     185    21    24    0 
   180     185    24    27    0 
   180     185    27    30    0 
   180     185    30    33    0 
   180     185    33    36    0 
   180     185    36    39    0 
   180     185    39    42    0 
   180     185    42    45    0 
   180     185    45    48    0 
   180     185    48    51    0 
   180     185    51    54    0 
   180     185    54    57    0 
   180     185    57    60    0 
   180     185    60    63    0 
   180     185    63    66    0 
   180     185    66    69    0 
   180     185    69    72    0 
   180     185    72    75    0 
   180     185    75    78    0 
   180     185    78    81    0 
   180     185    81    84    0 
   180     185    84    87    0 
   180     185    87    90    0 
   185     190    0    3    0 
   185     190    3    6    0 
   185     190    6    9    0 
   185     190    9    12    0 
   185     190    12    15    0 
   185     190    15    18    0 
   185     190    18    21    0 
   185     190    21    24    0 
   185     190    24    27    0 
   185     190    27    30    0 
   185     190    30    33    0 
   185     190    33    36    0 
   185     190    36    39    0 
   185     190    39    42    0 
   185     190    42    45    0 
   185     190    45    48    0 
   185     190    48    51    0 
   185     190    51    54    0 
   185     190    54    57    0 
   185     190    57    60    0 
   185     190    60    63    0 
   185     190    63    66    0 
   185     190    66    69    0 
   185     190    69    72    0 
   185     190    72    75    0 
   185     190    75    78    0 
   185     190    78    81    0 
   185     190    81    84    0 
   185     190    84    87    0 
   185     190    87    90    0 
   190     195    0    3    0 
   190     195    3    6    0 
   190     195    6    9    0 
   190     195    9    12    0 
   190     195    12    15    0 
   190     195    15    18    0 
   190     195    18    21    0 
   190     195    21    24    0 
   190     195    24    27    0 
   190     195    27    30    0 
   190     195    30    33    0 
   190     195    33    36    0 
   190     195    36    39    0 
   190     195    39    42    0 
   190     195    42    45    0 
   190     195    45    48    0 
   190     195    48    51    0 
   190     195    51    54    0 
   190     195    54    57    0 
   190     195    57    60    0 
   190     195    60    63    0 
   190     195    63    66    0 
   190     195    66    69    0 
   190     195    69    72    0 
   190     195    72    75    0 
   190     195    75    78    0 
   190     195    78    81    0 
   190     195    81    84    0 
   190     195    84    87    0 
   190     195    87    90    0 
   195     200    0    3    0 
   195     200    3    6    0 
   195     200    6    9    0 
   195     200    9    12    0 
   195     200    12    15    0 
   195     200    15    18    0 
   195     200    18    21    0 
   195     200    21    24    0 
   195     200    24    27    0 
   195     200    27    30    0 
   195     200    30    33    0 
   195     200    33    36    0 
   195     200    36    39    0 
   195     200    39    42    0 
   195     200    42    45    0 
   195     200    45    48    0 
   195     200    48    51    0 
   195     200    51    54    0 
   195     200    54    57    0 
   195     200    57    60    0 
   195     200    60    63    0 
   195     200    63    66    0 
   195     200    66    69    0 
   195     200    69    72    0 
   195     200    72    75    0 
   195     200    75    78    0 
   195     200    78    81    0 
   195     200    81    84    0 
   195     200    84    87    0 
   195     200    87    90    0 
   200     205    0    3    0 
   200     205    3    6    0 
   200     205    6    9    0 
   200     205    9    12    0 
   200     205    12    15    0 
   200     205    15    18    0 
   200     205    18    21    0 
   200     205    21    24    0 
   200     205    24    27    0 
   200     205    27    30    0 
   200     205    30    33    0 
   200     205    33    36    0 
   200     205    36    39    0 
   200     205    39    42    0 
   200     205    42    45    0 
   200     205    45    48    0 
   200     205    48    51    0 
   200     205    51    54    0 
   200     205    54    57    0 
   200     205    57    60    0 
   200     205    60    63    0 
   200     205    63    66    0 
   200     205    66    69    0 
   200     205    69    72    0 
   200     205    72    75    0 
   200     205    75    78    0 
   200     205    78    81    0 
   200     205    81    84    0 
   200     205    84    87    0 
   200     205    87    90    0 
   205     210    0    3    0 
   205     210    3    6    0 
   205     210    6    9    0 
   205     210    9    12    0 
   205     210    12    15    0 
   205     210    15    18    0 
   205     210    18    21    0 
   205     210    21    24    0 
   205     210    24    27    0 
   205     210    27    30    0 
   205     210    30    33    0 
   205     210    33    36    0 
   205     210    36    39    0 
   205     210    39    42    0 
   205     210    42    45    0 
   205     210    45    48    0 
   205     210    48    51    0 
   205     210    51    54    0 
   205     210    54    57    0 
   205     210    57    60    0 
   205     210    60    63    0 
   205     210    63    66    0 
   205     210    66    69    0 
   205     210    69    72    0 
   205     210    72    75    0 
   205     210    75    78    0 
   205     210    78    81    0 
   205     210    81    84    0 
   205     210    84    87    0 
   205     210    87    90    0 
   210     215    0    3    0 
   210     215    3    6    0 
   210     215    6    9    0 
   210     215    9    12    0 
   210     215    12    15    0 
   210     215    15    18    0 
   210     215    18    21    0 
   210     215    21    24    0 
   210     215    24    27    0 
   210     215    27    30    0 
   210     215    30    33    0 
   210     215    33    36    0 
   210     215    36    39    0 
   210     215    39    42    0 
   210     215    42    45    0 
   210     215    45    48    0 
   210     215    48    51    0 
   210     215    51    54    0 
   210     215    54    57    0 
   210     215    57    60    0 
   210     215    60    63    0 
   210     215    63    66    0 
   210     215    66    69    0 
   210     215    69    72    0 
   210     215    72    75    0 
   210     215    75    78    0 
   210     215    78    81    0 
   210     215    81    84    0 
   210     215    84    87    0 
   210     215    87    90    0 
   215     220    0    3    0 
   215     220    3    6    0 
   215     220    6    9    0 
   215     220    9    12    0 
   215     220    12    15    0 
   215     220    15    18    0 
   215     220    18    21    0 
   215     220    21    24    0 
   215     220    24    27    0 
   215     220    27    30    0 
   215     220    30    33    0 
   215     220    33    36    0 
   215     220    36    39    0 
   215     220    39    42    0 
   215     220    42    45    0 
   215     220    45    48    0 
   215     220    48    51    0 
   215     220    51    54    0 
   215     220    54    57    0 
   215     220    57    60    0 
   215     220    60    63    0 
   215     220    63    66    0 
   215     220    66    69    0 
   215     220    69    72    0 
   215     220    72    75    0 
   215     220    75    78    0 
   215     220    78    81    0 
   215     220    81    84    0 
   215     220    84    87    0 
   215     220    87    90    0 
   220     225    0    3    0 
   220     225    3    6    0 
   220     225    6    9    0 
   220     225    9    12    0 
   220     225    12    15    0 
   220     225    15    18    0 
   220     225    18    21    0 
   220     225    21    24    0 
   220     225    24    27    0 
   220     225    27    30    0 
   220     225    30    33    0 
   220     225    33    36    0 
   220     225    36    39    0 
   220     225    39    42    0 
   220     225    42    45    0 
   220     225    45    48    0 
   220     225    48    51    0 
   220     225    51    54    0 
   220     225    54    57    0 
   220     225    57    60    0 
   220     225    60    63    0 
   220     225    63    66    0 
   220     225    66    69    0 
   220     225    69    72    0 
   220     225    72    75    0 
   220     225    75    78    0 
   220     225    78    81    0 
   220     225    81    84    0 
   220     225    84    87    0 
   220     225    87    90    0 
   225     230    0    3    0 
   225     230    3    6    0 
   225     230    6    9    0 
   225     230    9    12    0 
   225     230    12    15    0 
   225     230    15    18    0 
   225     230    18    21    0 
   225     230    21    24    0 
   225     230    24    27    0 
   225     230    27    30    0 
   225     230    30    33    0 
   225     230    33    36    0 
   225     230    36    39    0 
   225     230    39    42    0 
   225     230    42    45    0 
   225     230    45    48    0 
   225     230    48    51    0 
   225     230    51    54    0 
   225     230    54    57    0 
   225     230    57    60    0 
   225     230    60    63    0 
   225     230    63    66    0 
   225     230    66    69    0 
   225     230    69    72    0 
   225     230    72    75    0 
   225     230    75    78    0 
   225     230    78    81    0 
   225     230    81    84    0 
   225     230    84    87    0 
   225     230    87    90    0 
   230     235    0    3    0 
   230     235    3    6    0 
   230     235    6    9    0 
   230     235    9    12    0 
   230     235    12    15    0 
   230     235    15    18    0 
   230     235    18    21    0 
   230     235    21    24    0 
   230     235    24    27    0 
   230     235    27    30    0 
   230     235    30    33    0 
   230     235    33    36    0 
   230     235    36    39    0 
   230     235    39    42    0 
   230     235    42    45    0 
   230     235    45    48    0 
   230     235    48    51    0 
   230     235    51    54    0 
   230     235    54    57    0 
   230     235    57    60    0 
   230     235    60    63    0 
   230     235    63    66    0 
   230     235    66    69    0 
   230     235    69    72    0 
   230     235    72    75    0 
   230     235    75    78    0 
   230     235    78    81    0 
   230     235    81    84    0 
   230     235    84    87    0 
   230     235    87    90    0 
   235     240    0    3    0 
   235     240    3    6    0 
   235     240    6    9    0 
   235     240    9    12    0 
   235     240    12    15    0 
   235     240    15    18    0 
   235     240    18    21    0 
   235     240    21    24    0 
   235     240    24    27    0 
   235     240    27    30    0 
   235     240    30    33    0 
   235     240    33    36    0 
   235     240    36    39    0 
   235     240    39    42    0 
   235     240    42    45    0 
   235     240    45    48    0 
   235     240    48    51    0 
   235     240    51    54    0 
   235     240    54    57    0 
   235     240    57    60    0 
   235     240    60    63    0 
   235     240    63    66    0 
   235     240    66    69    0 
   235     240    69    72    0 
   235     240    72    75    0 
   235     240    75    78    0 
   235     240    78    81    0 
   235     240    81    84    0 
   235     240    84    87    0 
   235     240    87    90    0 
   240     245    0    3    0 
   240     245    3    6    0 
   240     245    6    9    0 
   240     245    9    12    0 
   240     245    12    15    0 
   240     245    15    18    0 
   240     245    18    21    0 
   240     245    21    24    0 
   240     245    24    27    0 
   240     245    27    30    0 
   240     245    30    33    0 
   240     245    33    36    0 
   240     245    36    39    0 
   240     245    39    42    0 
   240     245    42    45    0 
   240     245    45    48    0 
   240     245    48    51    0 
   240     245    51    54    0 
   240     245    54    57    0 
   240     245    57    60    0 
   240     245    60    63    0 
   240     245    63    66    0 
   240     245    66    69    0 
   240     245    69    72    0 
   240     245    72    75    0 
   240     245    75    78    0 
   240     245    78    81    0 
   240     245    81    84    3 
   240     245    84    87    2 
   240     245    87    90    2 
   245     250    0    3    0 
   245     250    3    6    0 
   245     250    6    9    0 
   245     250    9    12    0 
   245     250    12    15    0 
   245     250    15    18    0 
   245     250    18    21    0 
   245     250    21    24    0 
   245     250    24    27    0 
   245     250    27    30    0 
   245     250    30    33    0 
   245     250    33    36    0 
   245     250    36    39    0 
   245     250    39    42    0 
   245     250    42    45    0 
   245     250    45    48    0 
   245     250    48    51    0 
   245     250    51    54    0 
   245     250    54    57    0 
   245     250    57    60    0 
   245     250    60    63    0 
   245     250    63    66    0 
   245     250    66    69    0 
   245     250    69    72    1 
   245     250    72    75    3 
   245     250    75    78    28 
   245     250    78    81    54 
   245     250    81    84    78 
   245     250    84    87    79 
   245     250    87    90    65 
   250     255    0    3    0 
   250     255    3    6    0 
   250     255    6    9    0 
   250     255    9    12    0 
   250     255    12    15    0 
   250     255    15    18    0 
   250     255    18    21    0 
   250     255    21    24    0 
   250     255    24    27    0 
   250     255    27    30    0 
   250     255    30    33    0 
   250     255    33    36    0 
   250     255    36    39    0 
   250     255    39    42    0 
   250     255    42    45    0 
   250     255    45    48    0 
   250     255    48    51    0 
   250     255    51    54    0 
   250     255    54    57    0 
   250     255    57    60    0 
   250     255    60    63    0 
   250     255    63    66    1 
   250     255    66    69    5 
   250     255    69    72    46 
   250     255    72    75    195 
   250     255    75    78    311 
   250     255    78    81    305 
   250     255    81    84    261 
   250     255    84    87    219 
   250     255    87    90    186 
   255     260    0    3    0 
   255     260    3    6    0 
   255     260    6    9    0 
   255     260    9    12    0 
   255     260    12    15    0 
   255     260    15    18    0 
   255     260    18    21    0 
   255     260    21    24    0 
   255     260    24    27    0 
   255     260    27    30    0 
   255     260    30    33    0 
   255     260    33    36    0 
   255     260    36    39    0 
   255     260    39    42    0 
   255     260    42    45    0 
   255     260    45    48    0 
   255     260    48    51    0 
   255     260    51    54    0 
   255     260    54    57    0 
   255     260    57    60    0 
   255     260    60    63    2 
   255     260    63    66    11 
   255     260    66    69    97 
   255     260    69    72    399 
   255     260    72    75    590 
   255     260    75    78    552 
   255     260    78    81    426 
   255     260    81    84    451 
   255     260    84    87    326 
   255     260    87    90    349 
   260     265    0    3    0 
   260     265    3    6    0 
   260     265    6    9    0 
   260     265    9    12    0 
   260     265    12    15    0 
   260     265    15    18    0 
   260     265    18    21    0 
   260     265    21    24    0 
   260     265    24    27    0 
   260     265    27    30    0 
   260     265    30    33    0 
   260     265    33    36    0 
   260     265    36    39    0 
   260     265    39    42    0 
   260     265    42    45    0 
   260     265    45    48    0 
   260     265    48    51    0 
   260     265    51    54    0 
   260     265    54    57    0 
   260     265    57    60    0 
   260     265    60    63    4 
   260     265    63    66    100 
   260     265    66    69    498 
   260     265    69    72    733 
   260     265    72    75    728 
   260     265    75    78    670 
   260     265    78    81    557 
   260     265    81    84    471 
   260     265    84    87    463 
   260     265    87    90    501 
   265     270    0    3    0 
   265     270    3    6    0 
   265     270    6    9    0 
   265     270    9    12    0 
   265     270    12    15    0 
   265     270    15    18    0 
   265     270    18    21    0 
   265     270    21    24    0 
   265     270    24    27    0 
   265     270    27    30    0 
   265     270    30    33    0 
   265     270    33    36    0 
   265     270    36    39    0 
   265     270    39    42    0 
   265     270    42    45    0 
   265     270    45    48    0 
   265     270    48    51    0 
   265     270    51    54    0 
   265     270    54    57    0 
   265     270    57    60    1 
   265     270    60    63    22 
   265     270    63    66    307 
   265     270    66    69    817 
   265     270    69    72    790 
   265     270    72    75    777 
   265     270    75    78    775 
   265     270    78    81    632 
   265     270    81    84    573 
   265     270    84    87    553 
   265     270    87    90    619 
   270     275    0    3    0 
   270     275    3    6    0 
   270     275    6    9    0 
   270     275    9    12    0 
   270     275    12    15    0 
   270     275    15    18    0 
   270     275    18    21    0 
   270     275    21    24    0 
   270     275    24    27    0 
   270     275    27    30    0 
   270     275    30    33    0 
   270     275    33    36    0 
   270     275    36    39    0 
   270     275    39    42    0 
   270     275    42    45    0 
   270     275    45    48    0 
   270     275    48    51    0 
   270     275    51    54    0 
   270     275    54    57    0 
   270     275    57    60    2 
   270     275    60    63    49 
   270     275    63    66    466 
   270     275    66    69    937 
   270     275    69    72    830 
   270     275    72    75    821 
   270     275    75    78    766 
   270     275    78    81    709 
   270     275    81    84    701 
   270     275    84    87    642 
   270     275    87    90    687 
   275     280    0    3    0 
   275     280    3    6    0 
   275     280    6    9    0 
   275     280    9    12    0 
   275     280    12    15    0 
   275     280    15    18    0 
   275     280    18    21    0 
   275     280    21    24    0 
   275     280    24    27    0 
   275     280    27    30    0 
   275     280    30    33    0 
   275     280    33    36    0 
   275     280    36    39    0 
   275     280    39    42    0 
   275     280    42    45    0 
   275     280    45    48    0 
   275     280    48    51    0 
   275     280    51    54    0 
   275     280    54    57    0 
   275     280    57    60    4 
   275     280    60    63    43 
   275     280    63    66    494 
   275     280    66    69    903 
   275     280    69    72    787 
   275     280    72    75    775 
   275     280    75    78    701 
   275     280    78    81    677 
   275     280    81    84    682 
   275     280    84    87    691 
   275     280    87    90    753 
   280     285    0    3    0 
   280     285    3    6    0 
   280     285    6    9    0 
   280     285    9    12    0 
   280     285    12    15    0 
   280     285    15    18    0 
   280     285    18    21    0 
   280     285    21    24    0 
   280     285    24    27    0 
   280     285    27    30    0 
   280     285    30    33    0 
   280     285    33    36    0 
   280     285    36    39    0 
   280     285    39    42    0 
   280     285    42    45    0 
   280     285    45    48    0 
   280     285    48    51    0 
   280     285    51    54    0 
   280     285    54    57    0 
   280     285    57    60    4 
   280     285    60    63    22 
   280     285    63    66    344 
   280     285    66    69    864 
   280     285    69    72    822 
   280     285    72    75    679 
   280     285    75    78    630 
   280     285    78    81    644 
   280     285    81    84    647 
   280     285    84    87    669 
   280     285    87    90    778 
   285     290    0    3    0 
   285     290    3    6    0 
   285     290    6    9    0 
   285     290    9    12    0 
   285     290    12    15    0 
   285     290    15    18    0 
   285     290    18    21    0 
   285     290    21    24    0 
   285     290    24    27    0 
   285     290    27    30    0 
   285     290    30    33    0 
   285     290    33    36    0 
   285     290    36    39    0 
   285     290    39    42    0 
   285     290    42    45    0 
   285     290    45    48    0 
   285     290    48    51    0 
   285     290    51    54    0 
   285     290    54    57    0 
   285     290    57    60    0 
   285     290    60    63    15 
   285     290    63    66    104 
   285     290    66    69    548 
   285     290    69    72    741 
   285     290    72    75    662 
   285     290    75    78    551 
   285     290    78    81    569 
   285     290    81    84    519 
   285     290    84    87    562 
   285     290    87    90    586 
   290     295    0    3    0 
   290     295    3    6    0 
   290     295    6    9    0 
   290     295    9    12    0 
   290     295    12    15    0 
   290     295    15    18    0 
   290     295    18    21    0 
   290     295    21    24    0 
   290     295    24    27    0 
   290     295    27    30    0 
   290     295    30    33    0 
   290     295    33    36    0 
   290     295    36    39    0 
   290     295    39    42    0 
   290     295    42    45    0 
   290     295    45    48    0 
   290     295    48    51    0 
   290     295    51    54    0 
   290     295    54    57    0 
   290     295    57    60    0 
   290     295    60    63    0 
   290     295    63    66    10 
   290     295    66    69    136 
   290     295    69    72    406 
   290     295    72    75    512 
   290     295    75    78    464 
   290     295    78    81    450 
   290     295    81    84    379 
   290     295    84    87    376 
   290     295    87    90    353 
   295     300    0    3    0 
   295     300    3    6    0 
   295     300    6    9    0 
   295     300    9    12    0 
   295     300    12    15    0 
   295     300    15    18    0 
   295     300    18    21    0 
   295     300    21    24    0 
   295     300    24    27    0 
   295     300    27    30    0 
   295     300    30    33    0 
   295     300    33    36    0 
   295     300    36    39    0 
   295     300    39    42    0 
   295     300    42    45    0 
   295     300    45    48    0 
   295     300    48    51    0 
   295     300    51    54    0 
   295     300    54    57    0 
   295     300    57    60    0 
   295     300    60    63    0 
   295     300    63    66    1 
   295     300    66    69    9 
   295     300    69    72    63 
   295     300    72    75    209 
   295     300    75    78    355 
   295     300    78    81    354 
   295     300    81    84    312 
   295     300    84    87    256 
   295     300    87    90    239 
   300     305    0    3    0 
   300     305    3    6    0 
   300     305    6    9    0 
   300     305    9    12    0 
   300     305    12    15    0 
   300     305    15    18    0 
   300     305    18    21    0 
   300     305    21    24    0 
   300     305    24    27    0 
   300     305    27    30    0 
   300     305    30    33    0 
   300     305    33    36    0 
   300     305    36    39    0 
   300     305    39    42    0 
   300     305    42    45    0 
   300     305    45    48    0 
   300     305    48    51    0 
   300     305    51    54    0 
   300     305    54    57    0 
   300     305    57    60    0 
   300     305    60    63    0 
   300     305    63    66    0 
   300     305    66    69    0 
   300     305    69    72    0 
   300     305    72    75    9 
   300     305    75    78    57 
   300     305    78    81    100 
   300     305    81    84    123 
   300     305    84    87    96 
   300     305    87    90    97 
   305     310    0    3    0 
   305     310    3    6    0 
   305     310    6    9    0 
   305     310    9    12    0 
   305     310    12    15    0 
   305     310    15    18    0 
   305     310    18    21    0 
   305     310    21    24    0 
   305     310    24    27    0 
   305     310    27    30    0 
   305     310    30    33    0 
   305     310    33    36    0 
   305     310    36    39    0 
   305     310    39    42    0 
   305     310    42    45    0 
   305     310    45    48    0 
   305     310    48    51    0 
   305     310    51    54    0 
   305     310    54    57    0 
   305     310    57    60    0 
   305     310    60    63    0 
   305     310    63    66    0 
   305     310    66    69    0 
   305     310    69    72    0 
   305     310    72    75    0 
   305     310    75    78    0 
   305     310    78    81    3 
   305     310    81    84    5 
   305     310    84    87    11 
   305     310    87    90    11 
   310     315    0    3    0 
   310     315    3    6    0 
   310     315    6    9    0 
   310     315    9    12    0 
   310     315    12    15    0 
   310     315    15    18    0 
   310     315    18    21    0 
   310     315    21    24    0 
   310     315    24    27    0 
   310     315    27    30    0 
   310     315    30    33    0 
   310     315    33    36    0 
   310     315    36    39    0 
   310     315    39    42    0 
   310     315    42    45    0 
   310     315    45    48    0 
   310     315    48    51    0 
   310     315    51    54    0 
   310     315    54    57    0 
   310     315    57    60    0 
   310     315    60    63    0 
   310     315    63    66    0 
   310     315    66    69    0 
   310     315    69    72    0 
   310     315    72    75    0 
   310     315    75    78    0 
   310     315    78    81    0 
   310     315    81    84    0 
   310     315    84    87    0 
   310     315    87    90    0 
   315     320    0    3    0 
   315     320    3    6    0 
   315     320    6    9    0 
   315     320    9    12    0 
   315     320    12    15    0 
   315     320    15    18    0 
   315     320    18    21    0 
   315     320    21    24    0 
   315     320    24    27    0 
   315     320    27    30    0 
   315     320    30    33    0 
   315     320    33    36    0 
   315     320    36    39    0 
   315     320    39    42    0 
   315     320    42    45    0 
   315     320    45    48    0 
   315     320    48    51    0 
   315     320    51    54    0 
   315     320    54    57    0 
   315     320    57    60    0 
   315     320    60    63    0 
   315     320    63    66    0 
   315     320    66    69    0 
   315     320    69    72    0 
   315     320    72    75    0 
   315     320    75    78    0 
   315     320    78    81    0 
   315     320    81    84    0 
   315     320    84    87    0 
   315     320    87    90    0 
   320     325    0    3    0 
   320     325    3    6    0 
   320     325    6    9    0 
   320     325    9    12    0 
   320     325    12    15    0 
   320     325    15    18    0 
   320     325    18    21    0 
   320     325    21    24    0 
   320     325    24    27    0 
   320     325    27    30    0 
   320     325    30    33    0 
   320     325    33    36    0 
   320     325    36    39    0 
   320     325    39    42    0 
   320     325    42    45    0 
   320     325    45    48    0 
   320     325    48    51    0 
   320     325    51    54    0 
   320     325    54    57    0 
   320     325    57    60    0 
   320     325    60    63    0 
   320     325    63    66    0 
   320     325    66    69    0 
   320     325    69    72    0 
   320     325    72    75    0 
   320     325    75    78    0 
   320     325    78    81    0 
   320     325    81    84    0 
   320     325    84    87    0 
   320     325    87    90    0 
   325     330    0    3    0 
   325     330    3    6    0 
   325     330    6    9    0 
   325     330    9    12    0 
   325     330    12    15    0 
   325     330    15    18    0 
   325     330    18    21    0 
   325     330    21    24    0 
   325     330    24    27    0 
   325     330    27    30    0 
   325     330    30    33    0 
   325     330    33    36    0 
   325     330    36    39    0 
   325     330    39    42    0 
   325     330    42    45    0 
   325     330    45    48    0 
   325     330    48    51    0 
   325     330    51    54    0 
   325     330    54    57    0 
   325     330    57    60    0 
   325     330    60    63    0 
   325     330    63    66    0 
   325     330    66    69    0 
   325     330    69    72    0 
   325     330    72    75    0 
   325     330    75    78    0 
   325     330    78    81    0 
   325     330    81    84    0 
   325     330    84    87    0 
   325     330    87    90    0 
   330     335    0    3    0 
   330     335    3    6    0 
   330     335    6    9    0 
   330     335    9    12    0 
   330     335    12    15    0 
   330     335    15    18    0 
   330     335    18    21    0 
   330     335    21    24    0 
   330     335    24    27    0 
   330     335    27    30    0 
   330     335    30    33    0 
   330     335    33    36    0 
   330     335    36    39    0 
   330     335    39    42    0 
   330     335    42    45    0 
   330     335    45    48    0 
   330     335    48    51    0 
   330     335    51    54    0 
   330     335    54    57    0 
   330     335    57    60    0 
   330     335    60    63    0 
   330     335    63    66    0 
   330     335    66    69    0 
   330     335    69    72    0 
   330     335    72    75    0 
   330     335    75    78    0 
   330     335    78    81    0 
   330     335    81    84    0 
   330     335    84    87    0 
   330     335    87    90    0 
   335     340    0    3    0 
   335     340    3    6    0 
   335     340    6    9    0 
   335     340    9    12    0 
   335     340    12    15    0 
   335     340    15    18    0 
   335     340    18    21    0 
   335     340    21    24    0 
   335     340    24    27    0 
   335     340    27    30    0 
   335     340    30    33    0 
   335     340    33    36    0 
   335     340    36    39    0 
   335     340    39    42    0 
   335     340    42    45    0 
   335     340    45    48    0 
   335     340    48    51    0 
   335     340    51    54    0 
   335     340    54    57    0 
   335     340    57    60    0 
   335     340    60    63    0 
   335     340    63    66    0 
   335     340    66    69    0 
   335     340    69    72    0 
   335     340    72    75    0 
   335     340    75    78    0 
   335     340    78    81    0 
   335     340    81    84    0 
   335     340    84    87    0 
   335     340    87    90    0 
   340     345    0    3    0 
   340     345    3    6    0 
   340     345    6    9    0 
   340     345    9    12    0 
   340     345    12    15    0 
   340     345    15    18    0 
   340     345    18    21    0 
   340     345    21    24    0 
   340     345    24    27    0 
   340     345    27    30    0 
   340     345    30    33    0 
   340     345    33    36    0 
   340     345    36    39    0 
   340     345    39    42    0 
   340     345    42    45    0 
   340     345    45    48    0 
   340     345    48    51    0 
   340     345    51    54    0 
   340     345    54    57    0 
   340     345    57    60    0 
   340     345    60    63    0 
   340     345    63    66    0 
   340     345    66    69    0 
   340     345    69    72    0 
   340     345    72    75    0 
   340     345    75    78    0 
   340     345    78    81    0 
   340     345    81    84    0 
   340     345    84    87    0 
   340     345    87    90    0 
   345     350    0    3    0 
   345     350    3    6    0 
   345     350    6    9    0 
   345     350    9    12    0 
   345     350    12    15    0 
   345     350    15    18    0 
   345     350    18    21    0 
   345     350    21    24    0 
   345     350    24    27    0 
   345     350    27    30    0 
   345     350    30    33    0 
   345     350    33    36    0 
   345     350    36    39    0 
   345     350    39    42    0 
   345     350    42    45    0 
   345     350    45    48    0 
   345     350    48    51    0 
   345     350    51    54    0 
   345     350    54    57    0 
   345     350    57    60    0 
   345     350    60    63    0 
   345     350    63    66    0 
   345     350    66    69    0 
   345     350    69    72    0 
   345     350    72    75    0 
   345     350    75    78    0 
   345     350    78    81    0 
   345     350    81    84    0 
   345     350    84    87    0 
   345     350    87    90    0 
   350     355    0    3    0 
   350     355    3    6    0 
   350     355    6    9    0 
   350     355    9    12    0 
   350     355    12    15    0 
   350     355    15    18    0 
   350     355    18    21    0 
   350     355    21    24    0 
   350     355    24    27    0 
   350     355    27    30    0 
   350     355    30    33    0 
   350     355    33    36    0 
   350     355    36    39    0 
   350     355    39    42    0 
   350     355    42    45    0 
   350     355    45    48    0 
   350     355    48    51    0 
   350     355    51    54    0 
   350     355    54    57    0 
   350     355    57    60    0 
   350     355    60    63    0 
   350     355    63    66    0 
   350     355    66    69    0 
   350     355    69    72    0 
   350     355    72    75    0 
   350     355    75    78    0 
   350     355    78    81    0 
   350     355    81    84    0 
   350     355    84    87    0 
   350     355    87    90    0 
   355     360    0    3    0 
   355     360    3    6    0 
   355     360    6    9    0 
   355     360    9    12    0 
   355     360    12    15    0 
   355     360    15    18    0 
   355     360    18    21    0 
   355     360    21    24    0 
   355     360    24    27    0 
   355     360    27    30    0 
   355     360    30    33    0 
   355     360    33    36    0 
   355     360    36    39    0 
   355     360    39    42    0 
   355     360    42    45    0 
   355     360    45    48    0 
   355     360    48    51    0 
   355     360    51    54    0 
   355     360    54    57    0 
   355     360    57    60    0 
   355     360    60    63    0 
   355     360    63    66    0 
   355     360    66    69    0 
   355     360    69    72    0 
   355     360    72    75    0 
   355     360    75    78    0 
   355     360    78    81    0 
   355     360    81    84    0 
   355     360    84    87    0 
   355     360    87    90    0 
